% 2018/03/27 16:10:33
surface.name=Instructor Surface
surface.kinect=ZELEONEL
surface.bottom.left=0.4494313:-0.07316292:4.301
surface.bottom.right=1.126329:-0.07399462:4.365
surface.top.left=0.4591683:1.132381:4.213683
surface.top.right=1.136066:1.131549:4.277683
tracker.surface.bottom.left=0.3811252:0.5542308:2.311404
tracker.surface.bottom.right=-0.2869591:0.5725108:2.436369
tracker.surface.top.left=0.3944768:1.75835:2.206645
tracker.surface.top.right=-0.2736075:1.776629:2.33161
